# SRE FWHT - Random
# Generated: 2026-01-31_12-34
# N  M2  time_seconds
2  0.8410492277  0.000142
3  1.6209530301  0.000136
4  2.3021661564  0.000123
5  3.1750738422  0.000137
6  4.1338814776  0.000150
7  5.0398004145  0.000166
8  6.0266723042  0.000317
9  7.0052969514  0.000802
10  7.9991586601  0.002931
11  9.0009999133  0.007521
12  10.0020121895  0.041097
13  11.0008564557  0.202533
14  12.0004359307  0.737836
15  13.0002199432  3.196610
16  14.0001539297  12.766396
17  15.0000219048  81.800169
