# SRE FWHT - T⊗N|+...+⟩
# Generated: 2026-01-31_12-34
# N  M2  time_seconds
2  0.8300749986  0.000168
3  1.2451124978  0.000139
4  1.6601499971  0.000138
5  2.0751874964  0.000140
6  2.4902249957  0.000152
7  2.9052624950  0.000243
8  3.3202999942  0.000279
9  3.7353374935  0.000640
10  4.1503749928  0.002000
11  4.5654124921  0.009858
12  4.9804499913  0.038251
13  5.3954874906  0.149901
14  5.8105249899  0.616566
15  6.2255624892  2.577711
16  6.6405999885  11.047013
17  7.0556374877  77.188359
