# SRE FWHT - |+...+⟩
# Generated: 2026-01-31_12-34
# N  M2  time_seconds
2  -0.0000000000  0.000134
3  0.0000000000  0.000131
4  -0.0000000000  0.000122
5  0.0000000000  0.000131
6  -0.0000000000  0.000146
7  0.0000000000  0.000178
8  -0.0000000000  0.000275
9  0.0000000000  0.000870
10  -0.0000000000  0.002130
11  0.0000000000  0.007691
12  -0.0000000000  0.034764
13  0.0000000000  0.132216
14  -0.0000000000  0.563804
15  0.0000000000  2.348756
16  -0.0000000000  10.280152
17  0.0000000000  74.204392
